Dodecahedron
20
-1 6 5 2
-2 3 7 1
-3 4 8 2
-4 9 3 5
-5 4 1 10
-6 1 11 15
-7 2 12 11
-8 12 3 13
-9 13 4 14
-10 15 14 5
-11 6 7 16
-12 17 7 8
-13 8 9 18
-14 10 19 9
-15 20 10 6
-16 11 17 20
-17 18 16 12
-18 19 17 13
-19 14 20 18
-20 16 19 15  
0
0.525731  0.381966  0.850651
-0.200811  0.618034  0.850651
-0.649839  0.  0.850651
-0.200811  -0.618034  0.850651
0.525731  -0.381966  0.850651
0.850651  0.618034  0.200811
-0.32492  1.  0.200811
-1.05146  0.  0.200811
-0.32492  -1.  0.200811
0.850651  -0.618034  0.200811
0.32492  1.  -0.200811
-0.850651  0.618034  -0.200811
-0.850651  -0.618034  -0.200811
0.32492  -1.  -0.200811
1.05146  0.  -0.200811
0.200811  0.618034  -0.850651
-0.525731  0.381966  -0.850651
-0.525731  -0.381966  -0.850651
0.200811  -0.618034  -0.850651
0.649839  0.  -0.850651


